list(x=c(4.60000E+01, 5.80000E+01, 4.00000E+01, 4.70000E+01, 4.70000E+01, 5.30000E+01, 4.30000E+01, 4.80000E+01, 5.00000E+01, 5.50000E+01, 4.90000E+01, 5.00000E+01, 5.20000E+01, 5.60000E+01, 4.90000E+01, 5.40000E+01, 5.10000E+01, 5.00000E+01, 5.20000E+01, 5.00000E+01), n=2.00000E+01, mu=5.10000E+01, alph=3.80000E+01, bet=4.44000E+02)
