list(tau=0.00000E+00)
