list(J=8.00000E+00, y=c(2.83900E+01, 7.94000E+00, -2.75000E+00, 6.82000E+00, -6.40000E-01, 6.30000E-01, 1.80100E+01, 1.21600E+01), sigma.y=c(1.49000E+01, 1.02000E+01, 1.63000E+01, 1.10000E+01, 9.40000E+00, 1.14000E+01, 1.04000E+01, 1.76000E+01))
