list(theta=c(4.53775E+01, 2.14132E+02, 8.27421E+00, -1.99081E+01, -2.72409E+02, 1.50463E+01, -6.80714E+01, -4.21374E+01), mu.theta=4.49258E+01, sigma.theta=7.12258E+01)
