list(theta=c(2.20509E+01, 9.60962E+01, 1.25198E+02, 7.19462E+01, -7.94220E+01, -9.79499E+00, 2.55920E+01, 1.29217E+02), mu.theta=-1.15923E+02, sigma.theta=3.90272E+01)
