list(theta=c(4.74677E+01, -1.06361E+01, 2.88171E+01, -9.95436E+01, -6.73043E+01, -5.25449E+01, 8.32278E+01, -2.14914E+02), mu.theta=2.96200E+01, sigma.theta=3.58440E+01)
