list(batches=6.00000E+00, samples=5.00000E+00, y= structure(.Data= c(7.29800E+00, 5.22000E+00, 1.10000E-01, 2.21200E+00, 2.82000E-01, 1.72200E+00, 3.84600E+00, 6.55600E+00, 1.03860E+01, 4.85200E+00, 9.01400E+00, 4.78200E+00, 2.43400E+00, 6.08000E-01, 1.34340E+01, 7.09200E+00, 4.45800E+00, 8.10600E+00, 9.56600E+00, 1.17880E+01, 5.51000E+00, 9.28800E+00, 9.44600E+00, 7.58000E-01, 7.99000E+00, -8.92000E-01, 8.16600E+00, 4.98000E+00, 7.19800E+00, 3.75800E+00), .Dim=c(5, 6)))
