list(theta=0.00000E+00, tau.with=1.00000E+00, tau.btw=1.00000E+00)
