list(x1=c(4.00000E+01, 3.80000E+01, 4.00000E+01, 3.50000E+01, 3.60000E+01, 3.70000E+01, 4.10000E+01, 4.00000E+01, 3.70000E+01, 3.80000E+01, 4.00000E+01, 3.80000E+01, 4.00000E+01, 3.60000E+01, 4.00000E+01, 3.80000E+01, 4.20000E+01, 3.90000E+01, 3.60000E+01, 3.70000E+01, 3.60000E+01, 3.80000E+01, 3.90000E+01, 4.00000E+01), x2=c(1.00000E+00, 1.00000E+00, 1.00000E+00, 1.00000E+00, 1.00000E+00, 1.00000E+00, 1.00000E+00, 1.00000E+00, 1.00000E+00, 1.00000E+00, 1.00000E+00, 1.00000E+00, 2.00000E+00, 2.00000E+00, 2.00000E+00, 2.00000E+00, 2.00000E+00, 2.00000E+00, 2.00000E+00, 2.00000E+00, 2.00000E+00, 2.00000E+00, 2.00000E+00, 2.00000E+00), yi=c(2.96800E+03, 2.79500E+03, 3.16300E+03, 2.92500E+03, 2.62500E+03, 2.84700E+03, 3.29200E+03, 3.47300E+03, 2.62800E+03, 3.17600E+03, 3.42100E+03, 2.97500E+03, 3.31700E+03, 2.72900E+03, 2.93500E+03, 2.75400E+03, 3.21000E+03, 2.81700E+03, 3.12600E+03, 2.53900E+03, 2.41200E+03, 2.99100E+03, 2.87500E+03, 3.23100E+03), n=2.40000E+01)
