list(xi=c(-8.63000E-01, -2.96000E-01, -5.30000E-02, 7.27000E-01), yi=c(0.00000E+00, 5.00000E+00, 1.50000E+01, 2.50000E+01), ni=c(2.50000E+01, 2.50000E+01, 2.50000E+01, 2.50000E+01), n=4.00000E+00)
